[Detection object:
tag_family = b'tag16h5'
tag_id = 0
tag_size = 5
hamming = 0
decision_margin = 144.0627899169922
homography = [[ 4.59394739e+01 -1.78382990e+01  6.13306736e+02]
 [ 6.16579668e+00 -6.97157856e+00  4.81067445e+02]
 [ 1.78713289e-02 -3.83769953e-02  1.00000000e+00]]
center = [613.30673598 481.06744522]
corners = [[582.28131104 495.81906128]
 [654.83575439 490.31591797]
 [641.027771   467.88696289]
 [573.44665527 472.19064331]]
pose_R = [[ 0.97983478  0.19979141  0.00268363]
 [-0.04309282  0.19818665  0.97921655]
 [ 0.1951072  -0.95958608  0.20279975]]
pose_t = [[-2.65772289]
 [ 8.47922485]
 [64.44899564]]
pose_err = 0.0002955923590919648
, Detection object:
tag_family = b'tag16h5'
tag_id = 1
tag_size = 5
hamming = 0
decision_margin = 219.491455078125
homography = [[ 2.37274572e+01 -1.10811434e+01  7.50544207e+02]
 [-6.88830334e+00 -2.88034275e+00  4.72746187e+02]
 [-1.25424342e-02 -2.81998350e-02  1.00000000e+00]]
center = [750.54420714 472.74618722]
corners = [[727.12042236 484.33761597]
 [795.60528564 482.64144897]
 [773.24578857 461.512146  ]
 [709.01116943 463.62567139]]
pose_R = [[ 0.98184321  0.18718647 -0.03074319]
 [-0.00446506  0.18482745  0.98276084]
 [ 0.18964172 -0.96477979  0.18230738]]
pose_t = [[ 7.28630309]
 [ 8.09456985]
 [66.18730141]]
pose_err = 0.0010701223813629113
, Detection object:
tag_family = b'tag16h5'
tag_id = 2
tag_size = 5
hamming = 0
decision_margin = 171.8617706298828
homography = [[ 3.84817493e+01 -2.12574099e+01  6.39717943e+02]
 [-5.38960071e+00 -8.04222942e+00  5.37061601e+02]
 [-4.04854160e-03 -4.55142290e-02  1.00000000e+00]]
center = [639.71794313 537.06160092]
corners = [[605.06835938 557.52722168]
 [691.20007324 550.93566895]
 [671.60839844 518.22564697]
 [593.09802246 524.49786377]]
pose_R = [[ 0.97984744  0.19971934 -0.003345  ]
 [-0.03888412  0.20714251  0.97753773]
 [ 0.19592608 -0.95770777  0.21073396]]
pose_t = [[-0.61769816]
 [10.51954994]
 [54.56004823]]
pose_err = 0.001014940957803684
, Detection object:
tag_family = b'tag16h5'
tag_id = 3
tag_size = 5
hamming = 0
decision_margin = 187.28721618652344
homography = [[ 2.19195133e+01 -1.27243804e+01  8.00173266e+02]
 [-1.30187500e+01 -2.76232775e+00  5.25720926e+02]
 [-2.03573995e-02 -3.45507922e-02  1.00000000e+00]]
center = [800.17326605 525.72092604]
corners = [[776.55126953 543.69421387]
 [856.39129639 539.56646729]
 [823.13409424 508.2507019 ]
 [749.80755615 513.31671143]]
pose_R = [[ 0.97696194  0.21178132 -0.02634474]
 [-0.01848776  0.20696613  0.97817341]
 [ 0.21261133 -0.95515114  0.20611339]]
pose_t = [[ 9.27471974]
 [10.13290377]
 [56.23165808]]
pose_err = 0.0036051864999405506
, Detection object:
tag_family = b'tag16h5'
tag_id = 9
tag_size = 5
hamming = 2
decision_margin = 2.181105136871338
homography = [[-1.99374460e+02  2.70587405e+02  5.51718972e+02]
 [-6.27006994e+01  8.06907090e+01  1.68410349e+02]
 [-3.65673207e-01  4.83903332e-01  1.00000000e+00]]
center = [551.71897237 168.41034906]
corners = [[552.38635254 168.58007812]
 [557.06951904 166.69230652]
 [543.51300049 166.32339478]
 [544.93359375 170.58911133]]
pose_R = [[ 0.26335758  0.95286034 -0.15066507]
 [-0.06297097 -0.13886555 -0.98830715]
 [-0.96264087  0.2697657   0.02343125]]
pose_t = [[-43.50933873]
 [-82.9491956 ]
 [392.83733403]]
pose_err = 2.026634277319996
, Detection object:
tag_family = b'tag16h5'
tag_id = 9
tag_size = 5
hamming = 2
decision_margin = 8.241040229797363
homography = [[ 3.51209494e+02 -1.22122304e+02  4.27053507e+02]
 [ 2.09642529e+02 -6.31681499e+01  2.43608539e+02]
 [ 8.34566088e-01 -2.79098478e-01  1.00000000e+00]]
center = [427.05350698 243.60853907]
corners = [[407.1479187  256.91506958]
 [421.82858276 250.7817688 ]
 [425.98306274 244.32411194]
 [445.33609009 218.50862122]]
pose_R = [[-0.34452399 -0.5622489  -0.75178414]
 [ 0.16271803  0.75292562 -0.63767222]
 [ 0.92456804 -0.34202221 -0.1679129 ]]
pose_t = [[-23.5204214]
 [-12.3338459]
 [ 95.2488701]]
pose_err = 8.457247979513458
, Detection object:
tag_family = b'tag16h5'
tag_id = 11
tag_size = 5
hamming = 2
decision_margin = 5.812629222869873
homography = [[ 4.45762254e+02 -3.59316135e+02  1.12802892e+03]
 [ 9.80429616e+01 -8.40031354e+01  2.47119264e+02]
 [ 3.96377871e-01 -3.18068836e-01  1.00000000e+00]]
center = [1128.02891662  247.11926401]
corners = [[1130.96411133  227.88449097]
 [1126.27734375  242.19317627]
 [1127.54003906  250.32295227]
 [1130.078125    252.88241577]]
pose_R = [[ 0.31134937  0.10280526  0.94471829]
 [ 0.21801912 -0.97534208  0.03428555]
 [ 0.92494823  0.19529187 -0.32608566]]
pose_t = [[112.33174152]
 [-27.61782157]
 [214.52284963]]
pose_err = 4.582527921034589
, Detection object:
tag_family = b'tag16h5'
tag_id = 12
tag_size = 5
hamming = 2
decision_margin = 3.50356388092041
homography = [[-4.83581052e+01  7.91921487e+01  2.55038941e+02]
 [-9.03217235e+01  1.68582305e+02  5.02296550e+02]
 [-1.85891072e-01  3.27969212e-01  1.00000000e+00]]
center = [255.03894057 502.29655042]
corners = [[252.72424316 502.82089233]
 [250.30947876 508.33398438]
 [262.24700928 500.66372681]
 [261.33486938 494.25942993]]
pose_R = [[ 0.32186012 -0.77752822  0.54023692]
 [ 0.32503165  0.62666359  0.70827055]
 [-0.88924715 -0.05236994  0.4544193 ]]
pose_t = [[-151.44935426]
 [  54.01657634]
 [ 351.00548332]]
pose_err = 0.37430597920833825
, Detection object:
tag_family = b'tag16h5'
tag_id = 13
tag_size = 5
hamming = 2
decision_margin = 3.1302642822265625
homography = [[-2.04619207e+01  8.18823057e+00  6.16420247e+01]
 [-1.13212695e+02  2.66939147e+01  3.53773155e+02]
 [-3.07819085e-01  7.71369413e-02  1.00000000e+00]]
center = [ 61.6420247  353.77315492]
corners = [[ 65.19497681 356.45880127]
 [ 64.17156982 347.39135742]
 [ 53.64148712 347.72561646]
 [ 60.06076813 357.76251221]]
pose_R = [[-0.34472093  0.09708279 -0.93367147]
 [-0.93783488 -0.07843988  0.33810195]
 [-0.0404132   0.99218049  0.11808749]]
pose_t = [[-276.42006131]
 [  -4.02728059]
 [ 427.89574071]]
pose_err = 1.2064760600626756
, Detection object:
tag_family = b'tag16h5'
tag_id = 15
tag_size = 5
hamming = 2
decision_margin = 3.094836711883545
homography = [[2.47017020e+01 1.44923091e+02 6.09438156e+02]
 [1.99242661e+01 1.15281790e+02 4.62202245e+02]
 [3.95433670e-02 2.48569173e-01 1.00000000e+00]]
center = [609.43815575 462.20224509]
corners = [[603.51031494 461.16448975]
 [604.80969238 463.78579712]
 [618.49902344 463.78848267]
 [617.81304932 459.33691406]]
pose_R = [[ 0.0303802  -0.99783558 -0.05831984]
 [ 0.35422737  0.06530804 -0.93287611]
 [ 0.93466572  0.00768248  0.35544475]]
pose_t = [[-13.99469431]
 [ 35.85629652]
 [323.95520656]]
pose_err = 0.10812663283668512
, Detection object:
tag_family = b'tag16h5'
tag_id = 18
tag_size = 5
hamming = 2
decision_margin = 1.3732730150222778
homography = [[-1.63794095e+01  3.11795295e+02  5.24652888e+02]
 [-1.83346262e+01  3.16736806e+02  5.28085031e+02]
 [-3.62666045e-02  5.94141617e-01  1.00000000e+00]]
center = [524.65288763 528.08503082]
corners = [[523.07611084 529.41125488]
 [526.40216064 530.52215576]
 [531.60864258 522.23455811]
 [518.48913574 519.49755859]]
pose_R = [[ 0.81522181  0.01541496  0.57894368]
 [ 0.16996455  0.94926078 -0.2646054 ]
 [-0.55364741  0.31411199  0.77123809]]
pose_t = [[-51.7306189 ]
 [ 67.6522263 ]
 [375.67487147]]
pose_err = 5.19766131646967
, Detection object:
tag_family = b'tag16h5'
tag_id = 22
tag_size = 5
hamming = 2
decision_margin = 4.014355182647705
homography = [[8.25844861e+01 5.30314494e+02 9.61169799e+02]
 [1.12504079e+01 6.82781630e+01 1.30394346e+02]
 [8.98974941e-02 5.46801598e-01 1.00000000e+00]]
center = [961.16979897 130.39434571]
corners = [[967.05047607 128.64408875]
 [961.73376465 128.25993347]
 [945.39434814 135.08956909]
 [958.62908936 140.01004028]]
pose_R = [[-0.79252287  0.55825382 -0.24547946]
 [ 0.00947826 -0.39120533 -0.92025461]
 [-0.60976853 -0.73164955  0.30474789]]
pose_t = [[ 91.45077432]
 [-67.72653782]
 [271.45964388]]
pose_err = 1.97464116608213
, Detection object:
tag_family = b'tag16h5'
tag_id = 29
tag_size = 5
hamming = 2
decision_margin = 6.210675239562988
homography = [[4.13775440e+02 1.57999342e+01 1.11777401e+03]
 [1.11270609e+02 1.10014928e+01 3.09372044e+02]
 [3.62819100e-01 1.39822176e-02 1.00000000e+00]]
center = [1117.77401363  309.37204406]
corners = [[1105.40429688  321.12219238]
 [1123.87268066  313.51229858]
 [1123.74560547  303.69955444]
 [1104.30053711  300.22518921]]
pose_R = [[ 0.9514246   0.27128592  0.14558563]
 [-0.13594165  0.7944289  -0.59194813]
 [-0.27624462  0.54340286  0.79271826]]
pose_t = [[122.22050962]
 [-13.50095055]
 [240.64868858]]
pose_err = 2.419685957817049
, Detection object:
tag_family = b'tag16h5'
tag_id = 29
tag_size = 5
hamming = 2
decision_margin = 2.2645423412323
homography = [[ -5.21486066  -0.29046219   7.40823625]
 [-48.49298251  51.75182648 214.13779828]
 [ -0.227439     0.25037926   1.        ]]
center = [  7.40823625 214.13779828]
corners = [[  8.34516335 212.73428345]
 [  1.86023903 212.52134705]
 [  4.75665379 218.10986328]
 [ 13.21675491 215.83015442]]
pose_R = [[-0.4978497  -0.731517   -0.46586325]
 [ 0.26612221 -0.64010541  0.72072466]
 [-0.82542392  0.234836    0.5133492 ]]
pose_t = [[-443.7780291 ]
 [-100.72677692]
 [ 629.60281012]]
pose_err = 1.1656753648706561
]
0 144
1 219
2 171
3 187
9 2
9 8
11 5
12 3
13 3
15 3
18 1
22 4
29 6
29 2
[Detection object:
tag_family = b'tag16h5'
tag_id = 0
tag_size = 5
hamming = 0
decision_margin = 234.71597290039062
homography = [[ 4.30396537e+01 -1.81075927e+01  6.13156967e+02]
 [ 4.03175213e+00 -7.36893090e+00  4.81096286e+02]
 [ 1.34547593e-02 -3.88987988e-02  1.00000000e+00]]
center = [613.15696709 481.09628601]
corners = [[582.50598145 495.64434814]
 [654.74847412 490.23260498]
 [640.75823975 467.99572754]
 [573.62945557 472.4133606 ]]
pose_R = [[ 0.97934852  0.20215751  0.00297044]
 [-0.04335302  0.19562724  0.9797196 ]
 [ 0.19747658 -0.95961572  0.20035139]]
pose_t = [[-2.67036919]
 [ 8.52411607]
 [64.77630734]]
pose_err = 0.00011891026405432703
, Detection object:
tag_family = b'tag16h5'
tag_id = 1
tag_size = 5
hamming = 0
decision_margin = 316.2168884277344
homography = [[ 1.89859782e+01 -1.12000385e+01  7.50306087e+02]
 [-9.77889004e+00 -3.00508186e+00  4.72798619e+02]
 [-1.87339069e-02 -2.83384615e-02  1.00000000e+00]]
center = [750.30608744 472.79861894]
corners = [[727.10357666 484.22317505]
 [795.53997803 482.73828125]
 [773.06713867 461.59143066]
 [709.13928223 463.75265503]]
pose_R = [[ 0.9817186   0.18766667 -0.03177738]
 [-0.0033331   0.18387676  0.98294365]
 [ 0.19030889 -0.96486815  0.18114075]]
pose_t = [[ 7.30188393]
 [ 8.11815954]
 [66.35028077]]
pose_err = 0.001594416107003297
, Detection object:
tag_family = b'tag16h5'
tag_id = 2
tag_size = 5
hamming = 2
decision_margin = 26.839492797851562
homography = [[-4.76466802e+00 -2.56614390e+01  5.02291589e+01]
 [-3.44183838e-01 -6.33598368e+01  1.16579745e+02]
 [-3.02064553e-03 -4.95912047e-01  1.00000000e+00]]
center = [ 50.22915887 116.57974534]
corners = [[ 57.84241867 105.62647247]
 [ 39.52173996 105.52619171]
 [ 47.64307022 120.30037689]
 [ 53.80846405 120.27475739]]
pose_R = [[-0.13351709  0.04772225 -0.98989685]
 [ 0.26582563 -0.96051363 -0.08216022]
 [-0.95473029 -0.27410974  0.11555919]]
pose_t = [[-187.35604381]
 [ -77.29179913]
 [ 284.70169442]]
pose_err = 2.858018799886264
, Detection object:
tag_family = b'tag16h5'
tag_id = 2
tag_size = 5
hamming = 2
decision_margin = 5.686176300048828
homography = [[-3.61614047e+01  2.05863889e+01  5.06944003e+02]
 [-2.76179144e+01  1.73048249e+01  2.73333213e+02]
 [-9.92902801e-02  3.77631960e-02  1.00000000e+00]]
center = [506.94400346 273.33321262]
corners = [[495.74783325 279.89532471]
 [523.58355713 280.26394653]
 [521.6965332  264.68670654]
 [492.2333374  267.2059021 ]]
pose_R = [[ 0.99656337 -0.04670572 -0.06841078]
 [-0.04350826  0.40763998 -0.91210563]
 [ 0.07048752  0.91194749  0.40420698]]
pose_t = [[-24.94738696]
 [-15.39387811]
 [160.11983166]]
pose_err = 0.06913612306103828
, Detection object:
tag_family = b'tag16h5'
tag_id = 2
tag_size = 5
hamming = 1
decision_margin = 10.892740249633789
homography = [[ 5.26815863e+01 -3.42802879e+01  3.20925288e+02]
 [ 9.97950084e+01 -5.93950519e+01  4.88062450e+02]
 [ 1.86619440e-01 -1.12974494e-01  1.00000000e+00]]
center = [320.92528755 488.06244998]
corners = [[334.03967285 469.5453186 ]
 [316.05102539 492.21337891]
 [313.85739136 498.04211426]
 [326.57455444 483.25152588]]
pose_R = [[-0.37091774  0.46069857 -0.80633545]
 [ 0.65282185 -0.48818371 -0.57922388]
 [-0.66048745 -0.74123781 -0.11967809]]
pose_t = [[-63.09821452]
 [ 24.00208321]
 [175.68028162]]
pose_err = 0.7354929941003415
, Detection object:
tag_family = b'tag16h5'
tag_id = 2
tag_size = 5
hamming = 0
decision_margin = 282.8634338378906
homography = [[ 3.76422183e+01 -2.02361367e+01  6.39662341e+02]
 [-5.97307442e+00 -7.31666662e+00  5.37141889e+02]
 [-4.98107661e-03 -4.38489723e-02  1.00000000e+00]]
center = [639.66234125 537.14188918]
corners = [[605.31115723 557.46582031]
 [690.80023193 550.74505615]
 [671.44311523 518.33874512]
 [593.28607178 524.80535889]]
pose_R = [[ 9.79835466e-01  1.99805442e-01 -4.94616436e-04]
 [-4.13907857e-02  2.05398796e-01  9.77802709e-01]
 [ 1.95471896e-01 -9.58065301e-01  2.09527129e-01]]
pose_t = [[-0.62354502]
 [10.58656918]
 [54.89108669]]
pose_err = 0.0009078491640006483
, Detection object:
tag_family = b'tag16h5'
tag_id = 3
tag_size = 5
hamming = 0
decision_margin = 300.5996398925781
homography = [[ 2.46312347e+01 -1.42698105e+01  8.00306168e+02]
 [-1.11544358e+01 -3.92381281e+00  5.25723017e+02]
 [-1.68227233e-02 -3.65119408e-02  1.00000000e+00]]
center = [800.30616822 525.72301656]
corners = [[776.69769287 543.65783691]
 [856.34020996 539.41424561]
 [823.00292969 508.48080444]
 [749.94659424 513.41827393]]
pose_R = [[ 0.9766521   0.21319859 -0.02640164]
 [-0.01820664  0.204599    0.97867654]
 [ 0.21405421 -0.95534581  0.20370367]]
pose_t = [[ 9.29939096]
 [10.16068545]
 [56.37121062]]
pose_err = 0.0029315053822978145
, Detection object:
tag_family = b'tag16h5'
tag_id = 3
tag_size = 5
hamming = 2
decision_margin = 9.012970924377441
homography = [[ 3.16304095e+02 -2.13217899e+01  1.25540685e+03]
 [ 1.51594275e+02 -1.38634255e+01  5.69674375e+02]
 [ 2.52536363e-01 -1.32832427e-02  1.00000000e+00]]
center = [1255.40685314  569.67437504]
corners = [[1250.07556152  550.56860352]
 [1251.06738281  570.83190918]
 [1258.49902344  580.75579834]
 [1262.47583008  567.78875732]]
pose_R = [[-0.45961542 -0.64634938 -0.60908632]
 [ 0.65469844 -0.70998998  0.25939195]
 [-0.60010301 -0.27954733  0.74948627]]
pose_t = [[138.8892061 ]
 [ 47.39320424]
 [209.62026042]]
pose_err = 0.8651332483187483
, Detection object:
tag_family = b'tag16h5'
tag_id = 5
tag_size = 5
hamming = 2
decision_margin = 11.89798641204834
homography = [[-1.74259696e+03  1.18790681e+02  1.06149261e+03]
 [-6.15491994e+02  4.80025736e+01  3.78342366e+02]
 [-1.64813138e+00  1.11189397e-01  1.00000000e+00]]
center = [1061.49261127  378.34236581]
corners = [[1059.27526855  377.57006836]
 [1047.25219727  352.26721191]
 [1053.43493652  375.53588867]
 [1058.4786377   372.82357788]]
pose_R = [[ 0.16567669  0.51399238  0.84164308]
 [ 0.6905301   0.54884036 -0.47110767]
 [-0.70407344  0.65923144 -0.26399715]]
pose_t = [[ -69.90428152]
 [  -1.4889728 ]
 [-157.98955624]]
pose_err = 10.757358441121681
, Detection object:
tag_family = b'tag16h5'
tag_id = 10
tag_size = 5
hamming = 2
decision_margin = 1.9799467325210571
homography = [[5.93200356e+02 1.42797956e+01 8.99268882e+02]
 [3.91085607e+02 8.33983087e+00 5.95251770e+02]
 [6.59407753e-01 1.31945400e-02 1.00000000e+00]]
center = [899.26888221 595.25176979]
corners = [[905.48413086 600.66119385]
 [900.84118652 594.68841553]
 [897.9331665  594.0892334 ]
 [891.23632812 598.12982178]]
pose_R = [[ 0.36127189  0.93239667 -0.01091212]
 [-0.17961751  0.08106946  0.98039038]
 [ 0.91499736 -0.35222748  0.19676289]]
pose_t = [[104.19819548]
 [ 98.98367509]
 [383.20349578]]
pose_err = 7.512059523696354
, Detection object:
tag_family = b'tag16h5'
tag_id = 12
tag_size = 5
hamming = 2
decision_margin = 4.744598865509033
homography = [[ 7.98869895e+01 -2.96349276e+02  1.11783999e+03]
 [ 9.23237761e+00 -3.99407950e+01  1.71350380e+02]
 [ 7.03578139e-02 -2.66545921e-01  1.00000000e+00]]
center = [1117.83998841  171.35037954]
corners = [[1118.39526367  184.25259399]
 [1121.37890625  174.96875   ]
 [1117.5645752   164.95095825]
 [1115.46191406  168.91891479]]
pose_R = [[ 0.49562277  0.43946515 -0.74915182]
 [-0.59173725  0.8022382   0.07912585]
 [ 0.63577126  0.40408447  0.65765542]]
pose_t = [[158.12147196]
 [-63.42645719]
 [308.73819426]]
pose_err = 0.7780692118698149
, Detection object:
tag_family = b'tag16h5'
tag_id = 12
tag_size = 5
hamming = 2
decision_margin = 4.7056169509887695
homography = [[1.12068011e+02 3.36403835e+02 7.39012510e+02]
 [1.09423842e+02 3.17531256e+02 7.01419093e+02]
 [1.52885433e-01 4.57892591e-01 1.00000000e+00]]
center = [739.01251049 701.41909339]
corners = [[738.19390869 696.95135498]
 [737.21166992 700.51501465]
 [740.54962158 709.80828857]
 [746.46520996 705.1605835 ]]
pose_R = [[-0.24967009 -0.53056291  0.81004188]
 [ 0.66164163 -0.70427178 -0.25735504]
 [ 0.70703267  0.47170357  0.52687811]]
pose_t = [[ 42.46729485]
 [161.40949306]
 [430.88050813]]
pose_err = 1.47988889258205
, Detection object:
tag_family = b'tag16h5'
tag_id = 12
tag_size = 5
hamming = 2
decision_margin = 0.7141874432563782
homography = [[-2.35379517e+02 -2.14188833e+02  5.40648431e+02]
 [-1.17789478e+02 -1.12136347e+02  2.77774227e+02]
 [-4.27874857e-01 -3.98879637e-01  1.00000000e+00]]
center = [540.64843096 277.77422663]
corners = [[546.00750732 275.44088745]
 [525.72839355 276.18841553]
 [534.96929932 280.24691772]
 [542.06341553 277.92462158]]
pose_R = [[-0.99363173 -0.0634373  -0.09312197]
 [ 0.09919546 -0.10048964 -0.98998085]
 [ 0.05344392 -0.99291366  0.10614239]]
pose_t = [[-33.59165995]
 [-24.71249664]
 [270.45331279]]
pose_err = 4.486235274683756
, Detection object:
tag_family = b'tag16h5'
tag_id = 13
tag_size = 5
hamming = 2
decision_margin = 5.096069812774658
homography = [[-2.51694028e+02 -3.68935185e+01  5.21032632e+02]
 [-1.79963810e+02 -2.33275141e+01  3.80545561e+02]
 [-4.86537903e-01 -6.99805749e-02  1.00000000e+00]]
center = [521.03263218 380.54556132]
corners = [[519.45172119 379.21646118]
 [524.13702393 399.68798828]
 [524.87097168 383.77252197]
 [520.14813232 375.09152222]]
pose_R = [[ 0.17706623  0.09265807 -0.97982755]
 [ 0.82332825  0.53151705  0.19904826]
 [ 0.53923848 -0.84196443  0.01782571]]
pose_t = [[-32.26752055]
 [  5.9035064 ]
 [229.38592197]]
pose_err = 2.362997083899035
, Detection object:
tag_family = b'tag16h5'
tag_id = 14
tag_size = 5
hamming = 2
decision_margin = 7.5718841552734375
homography = [[3.83985418e+02 3.43089434e+02 8.09120966e+02]
 [5.81063095e+01 5.54996195e+01 1.28318129e+02]
 [4.73083016e-01 4.23431022e-01 1.00000000e+00]]
center = [809.12096563 128.31812851]
corners = [[808.36175537 132.27937317]
 [810.01025391 127.56249237]
 [809.80834961 124.73164368]
 [792.8236084  142.1661377 ]]
pose_R = [[ 0.48217552  0.58369363 -0.65330584]
 [-0.49559129 -0.43319885 -0.75281341]
 [-0.72242373  0.68676088  0.08039559]]
pose_t = [[ 35.82762015]
 [-53.08129272]
 [211.53350478]]
pose_err = 6.631716683674872
, Detection object:
tag_family = b'tag16h5'
tag_id = 14
tag_size = 5
hamming = 1
decision_margin = 6.94497013092041
homography = [[3.49567629e+02 1.36079249e+01 9.59895057e+02]
 [3.41168633e+01 4.85194212e+00 9.51144889e+01]
 [3.60645783e-01 1.62374833e-02 1.00000000e+00]]
center = [959.89505659  95.11448885]
corners = [[951.71331787 100.44295502]
 [960.91705322  97.38174438]
 [963.88482666  92.51609802]
 [957.63677979  90.104599  ]]
pose_R = [[ 0.91682304 -0.21625978 -0.33565938]
 [-0.17261514  0.54336115 -0.82156112]
 [ 0.3600549   0.81116605  0.46083631]]
pose_t = [[ 149.15952049]
 [-128.69396833]
 [ 442.25965004]]
pose_err = 2.118107960368727
, Detection object:
tag_family = b'tag16h5'
tag_id = 15
tag_size = 5
hamming = 2
decision_margin = 1.8912403583526611
homography = [[5.44199941e-01 1.53773666e+01 9.35704913e+01]
 [7.68901893e+00 6.71974104e+01 3.45334203e+02]
 [4.64977975e-03 1.96871933e-01 1.00000000e+00]]
center = [ 93.57049133 345.33420276]
corners = [[ 90.92572021 339.56976318]
 [ 91.12782288 349.74035645]
 [ 97.47398376 353.84210205]
 [ 97.2461319  338.70397949]]
pose_R = [[-0.06774616 -0.81828032  0.57081326]
 [ 0.98737015 -0.13711373 -0.07937259]
 [ 0.14321536  0.55822679  0.81723449]]
pose_t = [[-210.03085736]
 [  -5.83414549]
 [ 344.63588058]]
pose_err = 0.8758648398194776
, Detection object:
tag_family = b'tag16h5'
tag_id = 19
tag_size = 5
hamming = 2
decision_margin = 2.029366970062256
homography = [[ 1.80830175e+02 -8.44423509e+01  9.36241325e+02]
 [ 7.59894348e+01 -3.23328846e+01  3.91980917e+02]
 [ 1.88672685e-01 -8.94567739e-02  1.00000000e+00]]
center = [936.241325   391.98091689]
corners = [[929.48632813 392.94940186]
 [939.42340088 396.31655884]
 [940.05645752 391.43392944]
 [932.35827637 386.69018555]]
pose_R = [[ 0.88788119 -0.40610228 -0.21621269]
 [ 0.42888153  0.56049912  0.70844998]
 [-0.16651613 -0.72174904  0.67182639]]
pose_t = [[149.19465329]
 [ 16.18675353]
 [478.41673919]]
pose_err = 0.4459806640396925
, Detection object:
tag_family = b'tag16h5'
tag_id = 22
tag_size = 5
hamming = 2
decision_margin = 7.977108001708984
homography = [[ 8.71540948e+00 -4.43684486e+02  1.09242752e+03]
 [ 3.45176862e+00 -8.39621432e+01  2.16293477e+02]
 [ 1.21006521e-03 -4.03109457e-01  1.00000000e+00]]
center = [1092.42752007  216.29347718]
corners = [[1074.44787598  216.35687256]
 [1099.24389648  227.02384949]
 [1100.05407715  216.2665863 ]
 [1089.51940918  211.71551514]]
pose_R = [[ 0.72637729 -0.68497873 -0.05639295]
 [ 0.47546199  0.44155461  0.76089777]
 [-0.49629822 -0.57951157  0.6464166 ]]
pose_t = [[103.56364481]
 [-33.66104867]
 [214.80764315]]
pose_err = 3.3164086368881147
, Detection object:
tag_family = b'tag16h5'
tag_id = 27
tag_size = 5
hamming = 1
decision_margin = 3.8897299766540527
homography = [[-2.78539352e+02  3.15561177e+00  6.19422393e+02]
 [-2.87886991e+02  8.26147961e+00  6.54424657e+02]
 [-4.49945063e-01  1.45424068e-02  1.00000000e+00]]
center = [619.42239304 654.42465684]
corners = [[615.31243896 649.0824585 ]
 [609.35223389 663.83441162]
 [630.66204834 669.03417969]
 [623.38336182 650.72344971]]
pose_R = [[ 0.11882103 -0.76662825 -0.63100133]
 [ 0.67042516 -0.40681978  0.62050606]
 [-0.7324013  -0.49676834  0.46562812]]
pose_t = [[ -7.71498702]
 [ 74.19665952]
 [228.05343211]]
pose_err = 3.2906568439808765
, Detection object:
tag_family = b'tag16h5'
tag_id = 28
tag_size = 5
hamming = 2
decision_margin = 4.734512805938721
homography = [[1.81995972e+00 1.29438480e+01 7.48795831e+01]
 [6.30166553e+00 3.08854067e+01 1.31272968e+02]
 [1.33858174e-02 1.90166998e-01 1.00000000e+00]]
center = [ 74.87958311 131.27296799]
corners = [[ 73.08365631 132.4432373 ]
 [ 74.48230743 139.96896362]
 [ 77.44683838 129.6000824 ]
 [ 75.47992706 118.13199615]]
pose_R = [[-0.40701213  0.08713536 -0.90925715]
 [ 0.41063057  0.90663536 -0.09692706]
 [ 0.81591891 -0.41281927 -0.40479203]]
pose_t = [[-184.48294298]
 [ -73.98279443]
 [ 292.69552602]]
pose_err = 0.36078808115188055
]
0 234
1 316
2 26
2 5
2 10
2 282
3 300
3 9
5 11
10 1
12 4
12 4
12 0
13 5
14 7
14 6
15 1
19 2
22 7
27 3
28 4
[Detection object:
tag_family = b'tag16h5'
tag_id = 0
tag_size = 5
hamming = 0
decision_margin = 261.70635986328125
homography = [[ 4.45884173e+01 -1.93613860e+01  6.13226765e+02]
 [ 5.29218829e+00 -8.27896640e+00  4.81104217e+02]
 [ 1.61188008e-02 -4.07513261e-02  1.00000000e+00]]
center = [613.22676478 481.10421678]
corners = [[582.39801025 495.7250061 ]
 [654.57769775 490.19210815]
 [640.73773193 468.05691528]
 [573.86401367 472.45327759]]
pose_R = [[ 0.97995603  0.1991554   0.00482822]
 [-0.04464704  0.19593949  0.97959908]
 [ 0.19414641 -0.96017959  0.20090378]]
pose_t = [[-2.67890374]
 [ 8.55013572]
 [64.95407625]]
pose_err = 0.000369373256737226
, Detection object:
tag_family = b'tag16h5'
tag_id = 0
tag_size = 5
hamming = 2
decision_margin = 3.2818243503570557
homography = [[-1.63800021e+02 -1.73542322e+02  7.09320967e+02]
 [-1.25615927e+02 -1.31037562e+02  5.24114209e+02]
 [-2.31300147e-01 -2.55849449e-01  1.00000000e+00]]
center = [709.32096734 524.11420876]
corners = [[717.18505859 531.74658203]
 [725.31604004 521.51800537]
 [701.83374023 516.84759521]
 [703.80499268 525.00952148]]
pose_R = [[ 0.09663517  0.95505915  0.28022075]
 [-0.5902515   0.281679   -0.75647876]
 [-0.80141426 -0.09229827  0.59094519]]
pose_t = [[ 14.98894517]
 [ 39.74091217]
 [222.85538273]]
pose_err = 1.5975034396155894
, Detection object:
tag_family = b'tag16h5'
tag_id = 1
tag_size = 5
hamming = 0
decision_margin = 346.9021301269531
homography = [[ 2.18081830e+01 -1.35647159e+01  7.50495052e+02]
 [-7.97249538e+00 -4.49489428e+00  4.72788406e+02]
 [-1.47772619e-02 -3.14211388e-02  1.00000000e+00]]
center = [750.49505181 472.78840589]
corners = [[727.22601318 484.3270874 ]
 [795.48883057 482.61715698]
 [773.00219727 461.62753296]
 [709.47497559 463.82769775]]
pose_R = [[ 0.98182352  0.18745006 -0.02974991]
 [-0.00539622  0.18425308  0.98286402]
 [ 0.18971943 -0.96483847  0.18191552]]
pose_t = [[ 7.34116366]
 [ 8.15673081]
 [66.65007419]]
pose_err = 0.0012028020389245077
, Detection object:
tag_family = b'tag16h5'
tag_id = 2
tag_size = 5
hamming = 2
decision_margin = 4.516733646392822
homography = [[-5.12713105e+02  6.26122783e+01  7.91708355e+02]
 [-3.69729558e+02  4.26796255e+01  5.64635898e+02]
 [-6.48729734e-01  7.67505151e-02  1.00000000e+00]]
center = [791.70835513 564.63589809]
corners = [[792.26275635 566.24530029]
 [798.10968018 555.08044434]
 [788.22369385 554.52008057]
 [789.96539307 567.2376709 ]]
pose_R = [[ 0.18574195  0.58787791 -0.78733696]
 [-0.98181035  0.14312644 -0.1247528 ]
 [ 0.03934932  0.7961874   0.6037692 ]]
pose_t = [[ 53.51585523]
 [ 75.51714409]
 [345.17749328]]
pose_err = 2.2772983854112083
, Detection object:
tag_family = b'tag16h5'
tag_id = 2
tag_size = 5
hamming = 0
decision_margin = 318.90167236328125
homography = [[ 3.87220357e+01 -2.08412145e+01  6.39736282e+02]
 [-5.01099244e+00 -7.86360321e+00  5.37107385e+02]
 [-3.26142823e-03 -4.48359170e-02  1.00000000e+00]]
center = [639.73628243 537.1073855 ]
corners = [[605.33972168 557.42962646]
 [690.84490967 550.7210083 ]
 [671.38696289 518.4074707 ]
 [593.31842041 524.7432251 ]]
pose_R = [[ 0.97970174  0.20045417 -0.00162309]
 [-0.04035004  0.20512534  0.97790361]
 [ 0.1963578  -0.95798837  0.20904999]]
pose_t = [[-0.62296589]
 [10.58909307]
 [54.9079874 ]]
pose_err = 0.0008357270662755398
, Detection object:
tag_family = b'tag16h5'
tag_id = 3
tag_size = 5
hamming = 0
decision_margin = 328.9548034667969
homography = [[ 2.13946165e+01 -1.56460293e+01  8.00130015e+02]
 [-1.32329347e+01 -4.81383721e+00  5.25728589e+02]
 [-2.06580896e-02 -3.81653258e-02  1.00000000e+00]]
center = [800.13001451 525.7285889 ]
corners = [[776.68701172 543.66577148]
 [856.24591064 539.41186523]
 [822.76629639 508.40866089]
 [750.24920654 513.56567383]]
pose_R = [[ 0.97659581  0.21362135 -0.02503096]
 [-0.01990882  0.20566147  0.97842067]
 [ 0.21415944 -0.95502318  0.20510107]]
pose_t = [[ 9.33569659]
 [10.20234065]
 [56.59435623]]
pose_err = 0.004494362519356002
, Detection object:
tag_family = b'tag16h5'
tag_id = 6
tag_size = 5
hamming = 2
decision_margin = 4.331133842468262
homography = [[ 3.48660604e+02 -1.88009998e+01  5.23139834e+02]
 [ 2.50136994e+02 -1.52934910e+01  3.79441293e+02]
 [ 6.62318302e-01 -4.25345522e-02  1.00000000e+00]]
center = [523.1398336  379.44129317]
corners = [[527.4597168  386.28463745]
 [526.61315918 379.23876953]
 [522.39196777 378.25656128]
 [508.34289551 380.30407715]]
pose_R = [[ 0.36218409  0.92531286 -0.11233341]
 [-0.22641884  0.20424324  0.95237556]
 [ 0.90418869 -0.31950088  0.28348191]]
pose_t = [[-36.41069976]
 [  5.64400156]
 [256.9259282 ]]
pose_err = 6.314056331755615
, Detection object:
tag_family = b'tag16h5'
tag_id = 10
tag_size = 5
hamming = 1
decision_margin = 15.241963386535645
homography = [[ -4.51324055  15.27491498  36.77798376]
 [-24.35501591  33.67191213  95.40503584]
 [ -0.23896191   0.33321817   1.        ]]
center = [36.77798376 95.40503584]
corners = [[35.97942734 97.59185028]
 [43.44472122 95.70146942]
 [39.71257019 87.36878967]
 [28.72369766 95.04690552]]
pose_R = [[ 0.80604667 -0.12856403 -0.57771971]
 [-0.54706418  0.21064964 -0.81015277]
 [ 0.22585295  0.9690707   0.09946067]]
pose_t = [[-282.72575971]
 [-122.96134595]
 [ 420.67816974]]
pose_err = 2.638229461693819
, Detection object:
tag_family = b'tag16h5'
tag_id = 14
tag_size = 5
hamming = 2
decision_margin = 5.046018600463867
homography = [[ 8.87213920e+00 -2.93360337e+01  1.11897162e+03]
 [ 5.50878070e+00 -7.03369029e+00  3.22185784e+02]
 [ 7.01582389e-03 -2.16623295e-02  1.00000000e+00]]
center = [1118.97162169  322.18578369]
corners = [[1112.67285156  318.78549194]
 [1114.83618164  325.42724609]
 [1124.91918945  325.39648438]
 [1122.9876709   319.03790283]]
pose_R = [[ 0.50204554 -0.71819363  0.48181758]
 [ 0.66054739 -0.04117526 -0.74965442]
 [ 0.55823599  0.694624    0.45372907]]
pose_t = [[246.54090522]
 [-20.39885291]
 [480.73652152]]
pose_err = 0.009585363253578944
, Detection object:
tag_family = b'tag16h5'
tag_id = 15
tag_size = 5
hamming = 2
decision_margin = 3.5043723583221436
homography = [[1.35127121e+02 6.71417223e+02 9.06964704e+02]
 [2.84456938e+00 8.52112675e+00 1.27135107e+01]
 [1.46905717e-01 7.44113019e-01 1.00000000e+00]]
center = [906.96470433  12.71351071]
corners = [[903.6114502   11.51388931]
 [906.13012695  12.73345757]
 [920.26147461  17.47040939]
 [921.44610596  12.36739731]]
pose_R = [[ 0.31261241 -0.92504252  0.21580043]
 [-0.1622333  -0.27584475 -0.94741228]
 [ 0.93592405  0.26116282 -0.23630519]]
pose_t = [[  80.33755405]
 [-106.3771231 ]
 [ 279.70301322]]
pose_err = 0.5315246015135551
, Detection object:
tag_family = b'tag16h5'
tag_id = 15
tag_size = 5
hamming = 2
decision_margin = 2.175485610961914
homography = [[-1.57832838e+01  6.27211938e+02  9.11614439e+02]
 [-3.14084739e+00  1.23807672e+02  1.73829478e+02]
 [-2.02459905e-02  6.88347647e-01  1.00000000e+00]]
center = [911.61443875 173.82947791]
corners = [[909.87677002 176.03834534]
 [913.03973389 176.54577637]
 [921.80285645 160.8782959 ]
 [904.45098877 160.17752075]]
pose_R = [[ 0.28869101 -0.03079732  0.95692687]
 [ 0.23582381  0.97097657 -0.03989515]
 [-0.92792491  0.23718351  0.28757495]]
pose_t = [[ 70.92299867]
 [-52.16044615]
 [247.49806393]]
pose_err = 4.07675019991669
, Detection object:
tag_family = b'tag16h5'
tag_id = 15
tag_size = 5
hamming = 2
decision_margin = 6.018749713897705
homography = [[7.07498240e+01 3.04375132e+02 1.07665574e+03]
 [4.57488982e+01 1.84310579e+02 6.55271730e+02]
 [6.67726616e-02 2.85074172e-01 1.00000000e+00]]
center = [1076.6557354   655.27173022]
corners = [[1075.49816895  651.590271  ]
 [1073.9239502   654.90496826]
 [1078.45983887  661.00939941]
 [1082.35339355  656.03668213]]
pose_R = [[-0.08629659 -0.51791737  0.85106668]
 [ 0.78498838 -0.56136961 -0.26202559]
 [ 0.61347057  0.64546554  0.4550034 ]]
pose_t = [[297.65067986]
 [205.53890609]
 [636.52730623]]
pose_err = 0.9797297026262257
, Detection object:
tag_family = b'tag16h5'
tag_id = 16
tag_size = 5
hamming = 2
decision_margin = 4.140137195587158
homography = [[ 2.65689431e+01 -1.04645081e+02  1.42336797e+02]
 [ 9.89878585e+01 -3.32323000e+02  4.80447939e+02]
 [ 2.02295885e-01 -6.97736274e-01  1.00000000e+00]]
center = [142.33679683 480.44793867]
corners = [[111.26350403 491.52886963]
 [127.3598938  489.7593689 ]
 [143.97167969 479.8649292 ]
 [147.38998413 477.30627441]]
pose_R = [[-0.29810703 -0.84369808 -0.44643673]
 [ 0.13528286  0.42563693 -0.8947244 ]
 [ 0.94489721 -0.32711887 -0.01274747]]
pose_t = [[-91.65902866]
 [ 21.87168577]
 [161.55996494]]
pose_err = 2.3728097398219887
, Detection object:
tag_family = b'tag16h5'
tag_id = 17
tag_size = 5
hamming = 2
decision_margin = 6.014052391052246
homography = [[1.25198452e+02 2.63787626e+01 4.84274116e+02]
 [4.58483756e+01 1.04441250e+01 1.66967493e+02]
 [2.52882406e-01 6.36794651e-02 1.00000000e+00]]
center = [484.27411581 166.96749255]
corners = [[475.40185547 162.26408386]
 [482.96350098 169.57804871]
 [490.32321167 170.17427063]
 [486.79885864 161.93856812]]
pose_R = [[ 0.33806544 -0.88785856  0.31212006]
 [ 0.49043699 -0.11685333 -0.86360689]
 [ 0.80323304  0.44503087  0.39593461]]
pose_t = [[-69.99604153]
 [-81.79432507]
 [383.3012009 ]]
pose_err = 0.7397930167764756
, Detection object:
tag_family = b'tag16h5'
tag_id = 22
tag_size = 5
hamming = 2
decision_margin = 4.854979515075684
homography = [[2.66639006e+02 2.79551339e+02 8.27141450e+02]
 [5.12628647e+01 4.97168138e+01 1.47751399e+02]
 [3.18915594e-01 3.44956821e-01 1.00000000e+00]]
center = [827.14145022 147.75139919]
corners = [[818.73297119 142.49461365]
 [825.38287354 149.48927307]
 [835.99957275 153.28929138]
 [835.84661865 139.14871216]]
pose_R = [[ 0.40485137 -0.82434845  0.39565769]
 [ 0.4869277  -0.17188498 -0.85636264]
 [ 0.77394882  0.53935628  0.33181023]]
pose_t = [[ 55.27318987]
 [-66.53031705]
 [282.93523797]]
pose_err = 2.1684047483358233
, Detection object:
tag_family = b'tag16h5'
tag_id = 27
tag_size = 5
hamming = 2
decision_margin = 4.040865898132324
homography = [[ 4.49045568e-01  1.14841676e+00  4.60875885e+00]
 [-1.26959593e+01  9.06387817e+01  1.40941197e+02]
 [-1.01342701e-01  6.44891737e-01  1.00000000e+00]]
center = [  4.60875885 140.9411973 ]
corners = [[  3.03975797 139.88725281]
 [  4.02074766 141.80567932]
 [ 15.405509   148.19369507]
 [  6.5971961  138.01783752]]
pose_R = [[-0.02290635 -0.9255212   0.37800239]
 [ 0.44038129 -0.3487834  -0.82729346]
 [ 0.89751859  0.14751491  0.41557157]]
pose_t = [[-283.25178958]
 [ -96.35333299]
 [ 401.99640582]]
pose_err = 5.983013651395577
, Detection object:
tag_family = b'tag16h5'
tag_id = 27
tag_size = 5
hamming = 2
decision_margin = 4.48575496673584
homography = [[-5.14363633e+02 -2.95165973e+02  1.09712440e+03]
 [-3.34913156e+02 -1.88503121e+02  7.10855761e+02]
 [-4.73439243e-01 -2.65758203e-01  1.00000000e+00]]
center = [1097.12440189  710.85576084]
corners = [[1089.95837402  709.84454346]
 [1102.72998047  718.70263672]
 [1108.04711914  712.39709473]
 [1096.28381348  709.67907715]]
pose_R = [[ 6.19339935e-01 -7.78210054e-01 -1.03957476e-01]
 [ 1.64592114e-01 -7.72508261e-04  9.86361414e-01]
 [-7.67676677e-01 -6.28003595e-01  1.27608793e-01]]
pose_t = [[172.7796814 ]
 [135.38879627]
 [351.62890703]]
pose_err = 1.2460063942083097
, Detection object:
tag_family = b'tag16h5'
tag_id = 27
tag_size = 5
hamming = 2
decision_margin = 7.63413143157959
homography = [[ 5.32804671e+01 -5.49316817e+02  4.73189458e+02]
 [ 5.43749445e+01 -5.96462972e+02  5.18532717e+02]
 [ 1.09265482e-01 -1.15662701e+00  1.00000000e+00]]
center = [473.18945842 518.53271652]
corners = [[486.69229126 497.58908081]
 [482.39346313 497.35116577]
 [474.7739563  516.07507324]
 [473.40237427 518.04272461]]
pose_R = [[-0.24755355  0.44305165  0.86163941]
 [ 0.10430436 -0.87196489  0.47832817]
 [ 0.9632434   0.20828458  0.16964578]]
pose_t = [[-38.96271754]
 [ 33.26560692]
 [207.69077216]]
pose_err = 0.3916059726244741
]
0 261
0 3
1 346
2 4
2 318
3 328
6 4
10 15
14 5
15 3
15 2
15 6
16 4
17 6
22 4
27 4
27 4
27 7
[Detection object:
tag_family = b'tag16h5'
tag_id = 0
tag_size = 5
hamming = 0
decision_margin = 264.41497802734375
homography = [[ 4.40281259e+01 -1.82415192e+01  6.13211153e+02]
 [ 4.82712514e+00 -7.41509128e+00  4.81094413e+02]
 [ 1.50045190e-02 -3.89466416e-02  1.00000000e+00]]
center = [613.21115311 481.09441292]
corners = [[582.36053467 495.58984375]
 [654.67199707 490.243927  ]
 [640.90332031 468.08300781]
 [573.68920898 472.37277222]]
pose_R = [[ 0.97997909  0.19908137  0.00275406]
 [-0.04230505  0.19469032  0.97995202]
 [ 0.194554   -0.960449    0.19921459]]
pose_t = [[-2.66909341]
 [ 8.51923963]
 [64.73831858]]
pose_err = 0.0001680173196232862
, Detection object:
tag_family = b'tag16h5'
tag_id = 1
tag_size = 5
hamming = 0
decision_margin = 365.475341796875
homography = [[ 1.79363219e+01 -1.12813918e+01  7.50290521e+02]
 [-1.04111469e+01 -3.11299612e+00  4.72786708e+02]
 [-2.00241041e-02 -2.84809783e-02  1.00000000e+00]]
center = [750.29052096 472.78670845]
corners = [[727.22283936 484.17950439]
 [795.53283691 482.67474365]
 [772.97131348 461.58499146]
 [709.23413086 463.8135376 ]]
pose_R = [[ 0.98146574  0.18905064 -0.03138249]
 [-0.00387944  0.18332614  0.98304449]
 [ 0.19159842 -0.96470274  0.18066174]]
pose_t = [[ 7.31832862]
 [ 8.13335965]
 [66.48112371]]
pose_err = 0.0017538820411147275
, Detection object:
tag_family = b'tag16h5'
tag_id = 1
tag_size = 5
hamming = 2
decision_margin = 7.424005508422852
homography = [[ 3.36344395e+02 -5.83947467e+01  8.79861302e+02]
 [ 2.56286744e+02 -5.18407273e+01  7.07364065e+02]
 [ 3.70998105e-01 -7.24682557e-02  1.00000000e+00]]
center = [879.86130159 707.36406479]
corners = [[871.6852417  717.36291504]
 [891.63214111 702.1864624 ]
 [883.01361084 703.50897217]
 [858.07165527 716.9486084 ]]
pose_R = [[ 0.71335963  0.58095912 -0.39192415]
 [-0.6255021   0.27564629 -0.72990838]
 [-0.31601449  0.76583655  0.56002608]]
pose_t = [[ 39.49326629]
 [ 61.11124281]
 [159.89807154]]
pose_err = 0.17082633684506238
, Detection object:
tag_family = b'tag16h5'
tag_id = 2
tag_size = 5
hamming = 2
decision_margin = 2.528714179992676
homography = [[ 1.91625789e+02 -3.76611272e+02  1.05513898e+03]
 [ 1.08621352e+02 -2.05062279e+02  5.79941700e+02]
 [ 1.81712790e-01 -3.54802315e-01  1.00000000e+00]]
center = [1055.13897591  579.94170014]
corners = [[1050.52380371  574.4697876 ]
 [1052.29467773  584.70751953]
 [1056.53112793  581.59228516]
 [1057.1439209   576.58227539]]
pose_R = [[ 0.0154763  -0.8654291  -0.50079232]
 [ 0.99350959 -0.04313823  0.10525108]
 [-0.11269064 -0.49917087  0.85914449]]
pose_t = [[239.73252285]
 [129.69503252]
 [542.42261897]]
pose_err = 2.8365370947563475
, Detection object:
tag_family = b'tag16h5'
tag_id = 2
tag_size = 5
hamming = 0
decision_margin = 329.5530700683594
homography = [[ 3.85797542e+01 -2.01647785e+01  6.39741076e+02]
 [-5.11516512e+00 -7.30791324e+00  5.37115018e+02]
 [-3.48173650e-03 -4.37755478e-02  1.00000000e+00]]
center = [639.74107632 537.11501836]
corners = [[605.39001465 557.38128662]
 [690.80145264 550.71734619]
 [671.43109131 518.41870117]
 [593.28887939 524.74029541]]
pose_R = [[ 0.97970754  0.20042335 -0.00190007]
 [-0.04000743  0.20483544  0.97797845]
 [ 0.19639892 -0.95805685  0.20869724]]
pose_t = [[-0.62272215]
 [10.58993965]
 [54.91551281]]
pose_err = 0.0007228141285522892
, Detection object:
tag_family = b'tag16h5'
tag_id = 3
tag_size = 5
hamming = 0
decision_margin = 346.1131286621094
homography = [[ 2.27596706e+01 -1.55812114e+01  8.00250213e+02]
 [-1.23229026e+01 -4.81547231e+00  5.25759689e+02]
 [-1.91338008e-02 -3.80629096e-02  1.00000000e+00]]
center = [800.25021266 525.75968852]
corners = [[776.60986328 543.55615234]
 [856.41265869 539.47766113]
 [823.01220703 508.62445068]
 [750.16479492 513.52606201]]
pose_R = [[ 0.97694861  0.21180374 -0.02665695]
 [-0.01727761  0.20291273  0.97904439]
 [ 0.2127743  -0.95601548  0.20189477]]
pose_t = [[ 9.31027502]
 [10.17252264]
 [56.41735547]]
pose_err = 0.0038527196656811284
, Detection object:
tag_family = b'tag16h5'
tag_id = 7
tag_size = 5
hamming = 2
decision_margin = 4.539079666137695
homography = [[ 1.74371037e+02 -2.03803566e+02  8.43166069e+02]
 [ 5.54827961e+01 -7.42634887e+01  2.88347980e+02]
 [ 2.11202402e-01 -2.46061080e-01  1.00000000e+00]]
center = [843.16606889 288.34798048]
corners = [[856.75360107 292.22595215]
 [843.12371826 279.30343628]
 [838.10559082 286.90368652]
 [843.20556641 296.78320312]]
pose_R = [[-0.64438647  0.39842058  0.65270753]
 [-0.76409241 -0.3014504  -0.57034239]
 [-0.0304772  -0.86624979  0.4986807 ]]
pose_t = [[ 60.51350843]
 [-22.40408561]
